3.11543e-08
1.87163e-10
7.75787e-09
9.98762e-10
7.66503e-10
7.9999e-11
6.59285e-09
1.53182e-10
4.04099e-09
3.02285e-09
8.33994e-11
2.67418e-09
2.81725e-09
1.34766e-09
1.23449e-09
1.21311e-09
2.04728e-11
4.88583e-09
2.73771e-09
2.25724e-10
2.54787e-10
1.41399e-10
1.59626e-10
1.92827e-10
1.44458e-10
1.36471e-10
4.53027e-09
9.76032e-10
8.2502e-11
7.09441e-10
9.20545e-10
3.47941e-09
2.22327e-09
7.16945e-11
7.47752e-09
4.60109e-10
5.88111e-10
9.98299e-11
1.71078e-10
1.24409e-09
5.19282e-09
1.18547e-10
1.01612e-10
1.28163e-10
1.05753e-10
1.47657e-09
6.09524e-11
6.13163e-10
7.07227e-10
2.21383e-09
9.12981e-11
6.83409e-10
6.85509e-11
4.47718e-09
3.64583e-09
2.63754e-09
9.56736e-11
2.71154e-10
4.04122e-09
5.64545e-09
4.97309e-09
9.11914e-10
1.25028e-10
1.21083e-09
1.45333e-09
2.16568e-09
1.404e-09
1.94323e-09
1.65399e-09
7.67525e-11
4.81362e-09
2.83215e-09
2.74116e-09
7.49301e-11
5.23207e-10
8.52778e-10
1.34755e-09
1.02025e-09
1.72555e-10
8.026e-10
7.81976e-10
5.51547e-10
4.56357e-10
2.73176e-09
5.82748e-09
4.51001e-10
1.22465e-10
2.78403e-09
1.61925e-09
4.57037e-09
1.04398e-10
2.65278e-10
3.2383e-10
5.38663e-09
9.4337e-10
9.51347e-10
1.03881e-09
5.40316e-10
1.51523e-09
9.52868e-11
1.27898e-10
1.08053e-09
7.33305e-11
4.88434e-09
3.64646e-09
8.13905e-10
9.37705e-11
8.7946e-10
1.26877e-10
9.87074e-11
1.68337e-09
3.48604e-09
8.74719e-11
6.21446e-10
6.531e-10
4.27639e-10
2.5157e-10
3.74475e-10
4.75402e-09
1.10417e-10
1.01826e-10
1.14502e-10
7.33652e-09
4.07614e-10
1.50995e-09
1.71734e-09
9.38891e-11
6.51068e-10
5.56043e-10
5.33993e-10
5.39886e-10
1.79928e-09
5.0388e-11
1.61237e-08
6.69648e-10
1.20637e-10
1.06183e-10
1.5999e-09
3.62879e-09
2.0781e-10
2.81947e-09
2.98547e-10
1.47818e-10
3.23104e-09
5.53187e-09
3.21598e-09
2.38493e-09
2.36028e-10
5.86069e-10
3.23471e-09
1.1081e-09
1.01646e-09
1.24262e-09
1.10826e-09
1.76509e-09
8.26979e-11
4.18713e-09
2.65849e-09
2.98841e-09
2.09857e-09
2.09723e-10
2.2644e-10
8.14316e-10
1.39235e-09
1.71325e-10
5.81874e-09
3.17071e-09
3.11537e-09
2.89988e-10
1.03084e-10
5.06416e-09
2.90633e-09
5.58258e-09
1.4012e-09
9.58502e-10
6.96259e-10
9.11944e-10
1.95378e-09
1.7294e-09
2.40546e-09
7.56962e-10
9.59547e-11
2.50467e-09
1.78147e-10
1.38548e-10
3.97168e-09
1.26418e-08
1.08725e-09
1.03982e-10
2.49395e-10
5.94713e-10
1.42952e-09
1.45268e-09
1.29274e-10
1.27572e-09
7.08003e-10
3.92008e-09
4.31969e-09
8.35796e-11
4.77914e-09
7.81365e-09
1.022e-09
2.38851e-10
5.7156e-11
4.51228e-09
1.81565e-09
1.41124e-10
4.4579e-09
3.42503e-09
4.93054e-11
2.97485e-09
1.38947e-10
3.87612e-09
2.79624e-10
4.54129e-09
9.60572e-10
9.43604e-10
7.58512e-10
1.70268e-09
1.21092e-10
4.67031e-09
2.60328e-09
7.99696e-09
3.18244e-11
5.1915e-10
7.35427e-11
4.18516e-09
1.03933e-10
2.04873e-10
3.12033e-09
1.01779e-10
3.92158e-10
1.9116e-10
1.53009e-10
1.03333e-10
6.80152e-09
1.01833e-10
5.56219e-11
2.17437e-10
1.56094e-10
1.39985e-09
4.63778e-09
6.26851e-09
1.17476e-09
4.04234e-11
8.64238e-09
1.37682e-10
1.7388e-09
5.1725e-10
2.87468e-09
4.22517e-09
5.4606e-10
1.34095e-10
2.88192e-09
3.63007e-09
3.03623e-09
2.18389e-11
3.17516e-09
4.47433e-09
5.01634e-09
1.59931e-10
6.26611e-10
3.03804e-09
4.85802e-10
1.80901e-09
7.16495e-10
8.60842e-10
1.02881e-10
1.11296e-09
1.12748e-09
8.63405e-11
1.25276e-09
1.26576e-09
1.37444e-09
1.55714e-09
1.73531e-09
1.96049e-09
1.19317e-09
1.18661e-09
5.24002e-10
7.66331e-10
1.2506e-10
7.28827e-10
4.69728e-10
3.37851e-09
1.9653e-09
2.19998e-09
1.17563e-09
1.2552e-09
1.77847e-10
4.21918e-09
2.48814e-09
2.77631e-09
2.18292e-10
5.60016e-10
1.47283e-10
8.65182e-11
3.28613e-09
2.94437e-09
5.18488e-10
3.54792e-09
3.6775e-09
1.17083e-10
2.74038e-09
1.47803e-10
2.67438e-09
5.49934e-09
9.41142e-09
1.44059e-10
7.1942e-11
4.80186e-09
5.28523e-09
4.44368e-11
6.12279e-11
1.42849e-08
1.08262e-10
3.02249e-09
1.48817e-09
6.40224e-09
6.97913e-10
9.92369e-10
9.31688e-10
3.96949e-10
1.64436e-10
6.99743e-11
2.25116e-09
1.03901e-10
1.92924e-09
5.80475e-09
4.05336e-09
1.19848e-09
4.97637e-11
3.17053e-09
3.71597e-09
1.28501e-09
1.74226e-09
2.05688e-10
7.25806e-10
5.99722e-10
2.70787e-10
2.01622e-10
3.69417e-10
1.0829e-09
7.98977e-11
2.24167e-09
1.70999e-09
2.89761e-09
1.3419e-10
9.78128e-11
4.42962e-10
2.39048e-09
6.13633e-09
4.91807e-10
9.08342e-10
1.86435e-10
2.47641e-09
1.50923e-10
9.41195e-11
7.07186e-11
7.7316e-09
1.16001e-10
2.57167e-10
1.6646e-10
3.17676e-09
3.92618e-09
6.8876e-09
2.09826e-09
1.57302e-10
3.18996e-10
3.01953e-09
6.0675e-10
1.06986e-09
2.43072e-10
1.25772e-08
7.07414e-10
8.38023e-11
2.90648e-09
1.07513e-10
4.28018e-10
9.93503e-11
3.65183e-10
1.30575e-09
3.72378e-09
2.0525e-09
7.95938e-10
1.48076e-09
1.49578e-09
6.73613e-10
1.52878e-09
1.15745e-09
1.296e-09
1.83954e-10
7.36099e-10
3.17606e-09
4.73091e-09
6.08089e-10
1.07328e-10
1.20235e-10
5.68453e-10
9.06237e-11
6.90306e-09
1.29186e-09
8.40143e-10
8.64695e-11
2.94484e-09
9.52387e-10
4.11134e-09
1.8373e-10
7.17898e-09
6.51732e-11
5.49492e-10
9.60968e-10
2.5974e-10
1.31155e-09
4.79812e-09
1.32929e-09
2.46267e-09
2.63199e-10
2.41247e-09
9.31796e-10
6.60335e-10
1.92427e-10
2.5697e-10
7.96482e-11
2.60622e-09
4.86167e-09
2.37432e-09
2.71774e-10
1.2165e-09
1.31954e-10
4.25811e-09
4.02032e-09
6.33311e-09
2.06688e-10
3.75353e-09
3.71175e-09
3.30406e-10
4.81861e-09
4.27362e-10
2.45611e-09
6.75038e-10
6.5301e-11
4.28078e-09
1.47247e-09
3.20336e-10
3.77454e-10
2.69295e-09
4.78893e-10
3.06018e-09
1.18937e-10
5.12942e-09
8.95289e-11
1.12178e-10
5.16464e-09
3.93106e-10
9.40806e-10
5.04392e-09
1.42541e-09
1.74582e-10
2.7783e-10
8.20428e-11
9.36942e-09
1.42696e-09
1.73973e-09
1.58334e-09
6.08127e-11
5.45303e-10
4.79921e-09
1.45026e-10
8.16677e-10
9.51955e-09
1.6991e-09
1.56512e-09
2.00378e-09
1.30159e-10
5.50193e-10
1.52047e-09
2.12653e-09
1.53255e-10
4.91582e-09
5.88111e-09
6.80975e-10
2.51118e-09
1.30194e-09
1.53643e-09
2.44172e-10
7.43442e-09
7.28158e-11
1.77609e-10
9.73169e-11
4.01149e-09
2.14706e-09
4.98276e-09
2.46839e-10
5.02439e-09
8.79984e-11
1.26802e-10
4.84809e-10
7.76332e-10
5.9766e-10
1.21581e-09
2.89379e-09
1.41953e-10
3.84649e-10
2.88629e-09
2.77575e-09
6.9983e-10
1.87037e-09
1.3631e-09
2.04232e-09
1.37617e-09
1.49801e-09
1.74895e-09
1.71159e-09
1.20623e-09
1.49308e-09
9.28284e-10
1.21379e-09
6.9577e-11
3.98503e-09
9.98643e-11
6.01927e-10
7.72348e-11
8.75668e-11
5.12325e-09
2.0888e-09
3.3471e-09
1.02919e-10
6.2523e-11
7.3848e-11
1.07866e-10
1.85136e-09
1.27064e-10
1.19468e-10
4.61686e-09
6.23184e-11
3.12662e-09
7.10964e-10
3.04797e-09
2.41978e-10
1.40384e-10
9.07806e-10
5.98619e-10
5.14883e-10
5.03518e-10
4.33239e-10
8.93983e-10
1.28441e-08
1.02732e-09
1.50998e-10
1.45394e-10
3.51248e-10
5.88201e-10
2.30026e-10
1.06227e-10
5.17056e-11
5.05678e-09
2.9206e-09
1.68206e-10
1.36159e-10
1.25903e-09
3.41272e-09
9.26466e-09
1.01118e-09
9.18848e-11
1.07224e-10
9.10068e-11
1.2503e-10
2.59849e-09
7.81933e-11
4.83775e-10
9.78837e-10
3.80384e-09
1.88615e-10
2.52423e-10
2.33715e-10
2.4432e-10
4.16983e-09
1.61385e-10
1.22501e-10
3.3848e-09
7.12707e-10
5.29806e-09
1.81273e-10
1.64361e-09
1.89728e-09
1.74723e-09
1.18853e-09
2.79248e-09
1.65219e-09
6.13204e-10
1.39809e-09
1.43919e-09
1.00623e-10
5.12186e-09
2.82869e-09
3.37942e-11
1.11501e-10
4.28391e-10
5.16082e-09
3.18466e-09
1.83258e-09
1.09756e-10
1.14874e-09
1.36822e-10
5.50404e-09
3.00717e-09
2.79248e-09
4.3875e-10
1.7354e-08
3.42971e-11
3.62364e-10
6.11909e-10
6.52708e-10
1.36002e-10
1.49408e-10
3.086e-09
1.67722e-09
1.27718e-09
7.10081e-11
6.77799e-10
1.56432e-10
4.05806e-10
7.14087e-10
1.67962e-10
2.33034e-10
1.31727e-09
2.41495e-09
5.44825e-09
1.45891e-09
1.00146e-10
1.81538e-09
7.10748e-10
3.46424e-09
7.63542e-11
1.66665e-10
1.80401e-09
3.22587e-09
1.87084e-09
2.56955e-10
1.4931e-10
1.4052e-10
1.88192e-10
4.1775e-09
5.13136e-09
1.27361e-10
2.45779e-09
3.96452e-09
2.68408e-09
1.49294e-09
1.56224e-10
8.20855e-09
9.11978e-10
1.33549e-09
1.38024e-09
7.29663e-10
1.87413e-10
2.11068e-10
3.69318e-09
2.82085e-09
1.68699e-09
1.1526e-09
7.82902e-10
8.43409e-10
7.43461e-10
5.52737e-11
3.17639e-09
2.43241e-09
9.21675e-10
1.34639e-10
3.89573e-09
2.53138e-09
1.19714e-08
9.26075e-10
4.55118e-10
6.06511e-11
7.0749e-10
7.02239e-10
5.42068e-10
7.16457e-10
3.24976e-09
1.41521e-10
1.48715e-10
1.21459e-10
1.32712e-10
7.56561e-10
8.97601e-11
4.52884e-09
1.91189e-10
1.03472e-10
1.0119e-10
1.53695e-10
2.62906e-10
2.40673e-10
5.98356e-10
9.48308e-10
3.41443e-09
2.64564e-09
9.23778e-10
1.14283e-09
1.3021e-09
2.44419e-09
1.11993e-09
1.24044e-09
1.38993e-09
5.08432e-11
8.99414e-10
3.90991e-09
2.79882e-09
7.58953e-10
1.72202e-09
2.46419e-09
1.35638e-10
4.01277e-09
2.47675e-09
1.74482e-10
2.29797e-09
4.93491e-09
3.26828e-09
1.80389e-10
4.49161e-10
5.72846e-10
5.81461e-10
1.49846e-10
4.34274e-09
5.09815e-09
2.4994e-09
1.02043e-10
4.6227e-10
6.39275e-10
7.07708e-09
1.23993e-09
4.51183e-10
1.51748e-09
1.3214e-09
1.28467e-09
1.84814e-09
1.65005e-09
1.36092e-09
1.57888e-09
1.02081e-10
1.82159e-09
2.71032e-10
2.73767e-09
4.69686e-09
3.73689e-10
2.31284e-09
1.1019e-08
1.21051e-09
1.93942e-09
1.07559e-10
2.44862e-10
0
2.45657e-10
5.3417e-10
5.63183e-10
6.36375e-10
1.04948e-09
6.33299e-10
3.31251e-09
3.65992e-09
1.0633e-10
2.89366e-09
3.18015e-09
9.26614e-09
1.50197e-09
2.2996e-09
1.5813e-09
1.49705e-09
1.25657e-09
1.1833e-09
2.21165e-09
1.60761e-09
1.98244e-09
1.50965e-09
1.96105e-09
1.99927e-09
1.34301e-09
1.35809e-09
1.25331e-09
2.53981e-09
1.30891e-09
2.37835e-09
1.35379e-09
1.0586e-09
1.02875e-09
2.67394e-09
1.35239e-09
1.42379e-09
1.41906e-09
1.43569e-09
1.24508e-09
1.35621e-09
1.1927e-09
1.69482e-09
1.35697e-10
1.66043e-09
5.00051e-10
1.60863e-10
1.26262e-09
2.11876e-11
1.27449e-08
1.29056e-09
1.77781e-10
1.86389e-11
3.57387e-09
4.16323e-09
3.31743e-09
1.90822e-10
3.5892e-09
1.64866e-09
1.51194e-09
7.52565e-10
1.28067e-09
9.01116e-10
1.51726e-09
2.22968e-10
1.81317e-09
3.47218e-09
3.41799e-10
1.63595e-10
2.40959e-10
5.55104e-10
3.38676e-09
1.73269e-09
1.08374e-10
4.29331e-09
6.47153e-11
2.08216e-10
6.24497e-09
1.1653e-09
9.15581e-11
4.30433e-10
4.26307e-10
4.41352e-10
3.29161e-09
8.77428e-10
1.32908e-10
2.98223e-09
4.74776e-09
8.72113e-11
2.04585e-10
2.20755e-09
2.95967e-09
2.69615e-09
1.88043e-10
1.11137e-10
1.80432e-09
9.35031e-10
3.4205e-09
2.61018e-09
1.05316e-09
8.07045e-11
3.28385e-09
1.0538e-10
6.25618e-10
1.41678e-10
1.15896e-10
3.72278e-09
4.67303e-10
2.72471e-09
1.22267e-09
1.72178e-09
1.13798e-09
1.3832e-10
8.38992e-10
5.39521e-10
6.23685e-10
1.17932e-09
4.05075e-10
1.41181e-09
1.12817e-09
1.36003e-10
4.60287e-10
1.31423e-09
1.726e-09
5.18037e-10
1.66465e-09
3.12465e-09
8.71292e-10
6.84729e-10
1.74322e-09
1.48268e-09
1.4532e-10
5.61295e-09
2.13735e-09
9.87957e-11
1.34846e-08
6.6388e-11
5.98921e-10
3.81958e-09
4.95031e-10
9.55637e-11
1.10092e-10
9.87273e-09
1.63017e-09
7.16402e-11
1.06343e-10
9.04495e-10
6.14445e-10
5.72929e-10
5.93174e-10
2.91213e-10
4.38671e-09
2.20839e-10
1.12799e-10
8.4018e-11
1.62333e-10
2.86816e-09
3.28862e-09
3.01439e-09
2.22628e-10
9.51813e-09
5.27044e-10
1.4179e-09
7.7578e-11
3.82775e-10
1.05254e-10
2.64218e-11
4.56392e-09
6.08251e-09
1.43054e-10
4.1962e-09
1.20703e-09
5.57168e-09
3.38773e-10
4.89296e-09
1.9341e-10
9.55748e-10
9.16779e-10
3.59551e-09
3.18044e-09
1.61386e-10
9.20215e-10
6.7517e-10
1.32502e-10
9.61348e-10
7.1374e-09
7.65396e-10
2.20414e-10
6.3715e-10
9.27189e-10
3.66519e-09
6.37591e-09
1.9094e-10
1.05264e-10
2.09165e-10
9.13016e-11
1.25061e-10
5.24396e-10
7.15198e-10
1.07649e-10
1.32069e-10
1.63794e-09
3.04301e-10
6.90857e-10
1.41837e-10
3.70366e-09
1.35288e-10
4.05173e-09
1.56803e-09
1.47237e-09
4.25857e-11
3.10182e-09
4.63258e-09
3.50882e-10
1.20027e-10
4.23965e-09
6.04555e-11
3.08196e-09
2.68505e-09
3.80759e-09
2.38262e-10
3.18909e-09
1.6937e-10
3.20311e-10
5.72237e-09
2.42312e-10
3.66975e-09
1.55719e-09
8.4471e-10
7.42604e-11
1.42901e-10
1.41512e-10
2.77294e-09
3.07125e-11
4.87889e-09
5.09301e-09
1.70956e-09
1.49666e-10
3.25068e-09
3.5138e-09
1.94168e-09
2.77232e-09
2.76827e-10
3.88764e-10
2.70146e-09
1.23144e-10
2.28166e-10
2.68956e-09
2.71283e-09
1.05501e-10
0
6.85516e-10
4.52286e-09
3.33642e-09
2.55962e-10
2.13162e-10
2.64538e-10
5.65203e-10
4.17937e-09
5.92917e-11
2.20569e-09
2.06741e-09
2.82832e-10
3.94646e-09
1.07319e-10
2.56005e-10
9.59792e-11
6.58218e-10
1.64943e-09
4.58227e-09
3.87668e-09
1.69678e-10
2.39157e-10
3.24259e-10
8.78243e-10
9.13261e-10
2.62581e-10
2.36957e-10
1.02026e-10
3.68743e-09
1.64981e-09
8.06634e-10
3.91534e-09
1.49812e-10
3.38574e-10
5.38819e-09
7.93797e-10
9.18293e-11
2.16395e-09
1.65482e-10
3.47609e-09
2.41253e-09
1.97009e-09
7.94424e-11
4.17667e-09
3.4251e-09
5.4095e-10
7.91523e-09
6.80705e-11
1.10417e-10
4.12e-10
5.45249e-10
3.38269e-10
8.97923e-09
3.281e-10
3.63218e-09
3.32766e-09
3.95524e-09
1.18575e-10
7.94665e-11
2.97447e-09
2.73433e-09
3.20443e-09
1.01685e-10
2.38292e-10
5.79895e-09
2.15316e-09
1.90336e-09
1.18843e-09
2.45876e-09
1.01704e-09
1.11591e-10
3.71892e-10
1.62749e-10
7.2194e-10
1.8793e-10
6.56588e-10
6.60808e-10
7.07569e-10
5.7761e-10
4.63666e-09
1.09043e-10
3.98647e-09
1.81607e-10
3.22896e-09
1.08422e-09
9.32373e-11
2.48513e-09
6.09272e-10
2.58801e-09
4.52068e-11
6.88511e-10
2.19907e-09
1.81087e-10
2.13016e-10
1.2287e-10
8.96964e-11
7.00956e-10
8.95938e-10
1.55297e-09
8.48195e-10
2.34357e-09
1.85669e-09
1.10474e-10
1.91587e-10
2.70451e-09
8.89725e-09
1.40075e-09
6.01314e-10
1.4107e-10
4.78557e-09
1.46994e-10
3.62362e-10
1.07077e-08
1.04666e-09
1.37609e-10
2.58731e-10
2.48378e-09
1.20243e-09
1.22943e-09
1.73215e-09
1.62916e-09
2.0737e-09
2.1683e-09
1.58563e-09
9.56637e-10
1.05225e-10
1.21471e-08
1.97377e-10
2.39455e-09
3.06749e-09
3.33635e-09
1.56868e-09
2.48582e-09
2.12988e-09
1.71046e-09
1.91871e-09
1.61227e-09
5.35479e-11
8.00783e-10
2.52939e-09
2.81433e-10
8.93394e-11
6.99259e-10
1.72304e-10
3.1353e-09
4.63823e-09
2.53241e-09
4.7668e-11
2.28439e-10
1.52358e-10
6.20706e-10
2.57497e-10
3.67285e-09
3.63574e-09
1.84025e-10
5.34867e-09
1.85314e-10
1.43656e-10
4.17539e-09
1.5856e-10
1.42533e-10
3.19081e-10
6.8413e-11
1.72859e-10
8.31541e-09
7.40737e-11
3.16458e-10
1.95163e-10
4.633e-10
8.95196e-10
6.58249e-10
8.74683e-10
2.77339e-09
4.12375e-10
2.76329e-09
1.69566e-09
1.47857e-09
1.77706e-09
1.29006e-09
1.44985e-09
2.03711e-09
1.21987e-09
6.5195e-11
2.01981e-10
2.58199e-10
5.68483e-10
2.67638e-09
1.38616e-09
2.40577e-09
9.35988e-11
1.48481e-09
1.47227e-09
4.39949e-09
2.21648e-10
7.66172e-09
1.43935e-09
1.71854e-09
1.69926e-09
1.54715e-09
7.58083e-11
1.19816e-09
4.06458e-09
4.55743e-10
3.50731e-09
2.66648e-10
1.22939e-09
1.33687e-09
1.61547e-09
8.43793e-10
6.77409e-11
1.26133e-10
3.26302e-09
4.2583e-09
4.34049e-09
2.8837e-09
5.97834e-11
1.6445e-10
1.03133e-10
9.73962e-10
2.851e-10
1.17551e-09
4.78258e-09
9.90753e-11
2.20049e-10
2.81903e-10
6.23245e-09
2.90607e-09
8.14278e-09
1.1544e-10
5.50369e-10
5.26451e-10
4.24338e-10
8.41198e-10
2.89608e-09
5.09981e-10
4.75057e-09
1.60155e-10
8.908e-09
7.87695e-11
1.87882e-09
8.9202e-10
1.05094e-10
1.42928e-10
9.11448e-10
6.77764e-11
2.16009e-10
2.32223e-09
1.31208e-10
2.0863e-10
9.03258e-11
7.47698e-10
3.63052e-09
3.24951e-09
1.16235e-09
1.08701e-09
1.13956e-10
1.66337e-09
2.91919e-09
1.87136e-10
1.34117e-10
2.36827e-10
2.2722e-09
7.18603e-10
5.87174e-10
5.83116e-10
6.2471e-10
1.79019e-10
0
9.71418e-11
1.62947e-10
4.29221e-11
5.71627e-10
5.90995e-10
1.6304e-10
2.52682e-10
1.35463e-08
1.32738e-10
1.1707e-10
4.1299e-09
3.30598e-09
1.87894e-09
8.56694e-11
3.13959e-09
1.22208e-10
5.95584e-11
7.90043e-10
2.79341e-09
1.43792e-09
1.31486e-09
1.90082e-09
7.11126e-11
3.95248e-09
3.23027e-09
7.47559e-11
5.28397e-10
4.84997e-09
2.91729e-09
2.34677e-09
8.68094e-11
5.73194e-10
7.05726e-10
5.63695e-10
9.63958e-09
7.59951e-11
5.96935e-10
9.02838e-11
3.20477e-10
9.84486e-11
3.90009e-09
4.96294e-09
1.49756e-10
4.6592e-10
3.1186e-10
3.41467e-09
3.80996e-09
2.62542e-09
8.29315e-10
1.59149e-10
1.67706e-09
1.98276e-10
1.48669e-09
1.81243e-09
1.15791e-09
1.63669e-09
9.03133e-10
5.4676e-10
5.78159e-10
1.51553e-09
1.94826e-10
7.78404e-11
1.13354e-10
2.26273e-09
2.63196e-09
8.44548e-10
6.71823e-11
1.95008e-09
3.06228e-09
4.16657e-09
1.80987e-09
1.21641e-09
1.44219e-10
1.76534e-10
1.78941e-09
1.55664e-09
1.58561e-09
1.60089e-09
1.42715e-09
5.76619e-11
3.90906e-09
4.64147e-09
1.25285e-10
6.4532e-10
3.97264e-09
9.13526e-10
1.80786e-09
5.62619e-10
6.15633e-10
8.87056e-11
4.52571e-10
1.18519e-09
1.87487e-11
8.8879e-10
2.56161e-10
9.17188e-10
2.7802e-09
1.13919e-09
5.93112e-09
1.21678e-10
3.92509e-09
9.6932e-09
1.12706e-10
4.15319e-09
6.56876e-10
1.88534e-09
1.61656e-10
6.30858e-10
1.67129e-10
3.00839e-09
1.37561e-09
6.07735e-10
2.38248e-10
2.78223e-09
3.20995e-10
2.60486e-09
1.21867e-10
1.83507e-08
5.21148e-11
3.59507e-09
1.92817e-09
7.8685e-11
1.77715e-10
2.02726e-10
7.3128e-11
2.09451e-10
6.91767e-10
3.57993e-09
9.4955e-09
5.30233e-10
1.71836e-09
1.44159e-09
1.44244e-09
1.09071e-09
1.65273e-09
1.427e-09
2.22267e-10
3.40624e-09
1.509e-09
4.17512e-10
3.76163e-09
8.73165e-10
5.10487e-11
7.50578e-10
9.91066e-10
2.83238e-09
8.28997e-11
4.80367e-09
1.25357e-09
1.28849e-09
1.71844e-10
4.07221e-09
3.70316e-09
8.27939e-09
1.33606e-09
2.83506e-10
2.8094e-09
2.89517e-09
1.4301e-10
9.98319e-11
3.27437e-09
1.98968e-10
1.20155e-10
6.01052e-10
4.13973e-09
3.81429e-09
1.49517e-09
1.621e-10
1.16443e-10
1.17902e-10
5.47794e-10
1.0067e-09
2.71593e-09
1.30745e-10
1.25108e-10
2.18735e-09
2.80433e-09
Time(Iterative Averaging Kernel) = 65982.6 ms
1.96338e-09
