2.64062e-08
4.67291e-10
1.42406e-09
1.88233e-09
6.53608e-11
7.80989e-09
7.79289e-11
3.90503e-09
3.49944e-09
1.45003e-09
1.28269e-09
1.14887e-09
1.50379e-09
1.07248e-09
1.26193e-09
1.81613e-10
2.68877e-10
1.67737e-10
5.10796e-10
5.0254e-10
8.47058e-10
9.11276e-10
9.36767e-10
3.34358e-09
1.25879e-10
1.30486e-10
2.6104e-09
5.79239e-10
1.03999e-10
2.51272e-09
2.40607e-09
1.44087e-08
4.486e-11
4.80832e-09
2.09844e-09
6.38721e-10
1.74473e-09
1.4964e-09
1.63002e-09
1.32023e-09
8.84806e-11
1.31216e-10
4.60927e-09
2.07569e-10
5.08661e-09
3.43608e-09
2.35375e-09
2.02977e-09
9.73169e-10
1.42234e-09
2.60361e-09
1.34787e-09
2.26297e-09
8.8112e-11
9.19653e-10
1.17227e-09
1.35168e-09
1.34691e-09
1.40124e-09
1.39554e-09
9.84391e-10
1.01716e-10
3.17607e-09
5.12128e-09
6.39521e-09
2.05227e-10
1.14312e-10
2.07196e-10
8.99111e-11
9.26703e-11
2.98597e-09
4.09978e-09
1.76605e-09
1.37689e-09
9.84126e-10
9.86662e-10
2.14125e-09
2.12711e-09
1.4915e-09
1.65509e-10
3.01379e-09
2.37716e-10
1.53837e-09
7.28144e-11
1.56474e-08
9.88297e-11
3.6299e-09
3.44147e-10
1.25889e-10
1.28146e-09
2.282e-09
1.61237e-09
1.47485e-10
9.96483e-11
5.30674e-09
5.19861e-09
3.72194e-09
1.64801e-09
1.0027e-10
9.60493e-10
5.13463e-09
3.17955e-09
2.80216e-09
1.81854e-09
1.24989e-10
1.03709e-09
1.21912e-08
1.35706e-09
9.98843e-10
6.17132e-11
1.15027e-09
1.13035e-10
5.55111e-10
5.26409e-09
5.4293e-11
8.39814e-11
5.20906e-09
2.58806e-09
9.79279e-10
2.42433e-09
1.58097e-09
1.51265e-09
1.50915e-09
9.83049e-11
2.73006e-09
9.1503e-10
4.22888e-09
3.05918e-09
5.89001e-11
5.66181e-10
4.82669e-09
1.87911e-09
1.70317e-09
1.43119e-10
1.13695e-10
3.92452e-09
3.5531e-09
1.73802e-10
4.9846e-09
3.30411e-09
1.9913e-09
9.71942e-09
1.37703e-10
3.71278e-09
7.43275e-10
2.42726e-09
1.04749e-09
1.97857e-10
3.06774e-09
8.42599e-10
6.7479e-10
1.21651e-10
3.71917e-09
6.1009e-09
3.28448e-11
5.00548e-09
3.80064e-09
3.61939e-09
2.02386e-10
4.19635e-09
1.11696e-10
1.78609e-09
8.0942e-11
1.0397e-09
1.40901e-10
6.4486e-10
6.47346e-10
1.14767e-10
4.52263e-09
1.04688e-10
5.42191e-10
1.08201e-10
3.30374e-09
1.15135e-10
2.34277e-09
9.79853e-11
1.56603e-10
2.07444e-09
2.92376e-09
3.61903e-10
6.8137e-10
6.11964e-10
6.72984e-10
3.26646e-10
1.86123e-09
2.09491e-09
1.55609e-10
2.31086e-09
3.17857e-09
1.1862e-09
4.86741e-09
1.52008e-10
2.60648e-09
3.19485e-09
5.71215e-09
9.59471e-10
2.16285e-10
8.75411e-10
4.76717e-10
9.43154e-11
1.81757e-09
1.4297e-10
1.02589e-10
3.61247e-09
5.85638e-10
3.06687e-09
2.3558e-10
2.55806e-09
1.78745e-09
1.27442e-09
1.00141e-09
1.64458e-09
1.64514e-09
2.3331e-10
1.6632e-10
1.74468e-10
1.11566e-10
1.49407e-08
1.37166e-09
1.00618e-09
5.95407e-11
4.04616e-10
2.71396e-11
2.05713e-09
3.82256e-10
9.86723e-10
9.61677e-10
2.76411e-09
1.16505e-09
1.95412e-09
1.34289e-09
1.30864e-09
1.45615e-09
1.12921e-10
1.15116e-09
3.04331e-09
4.75215e-09
1.61449e-09
1.25334e-09
1.43632e-09
1.38387e-10
1.62398e-10
3.69689e-09
9.19933e-10
1.22992e-10
3.07475e-09
2.48254e-09
4.72492e-09
8.57301e-11
6.52658e-10
3.00599e-10
7.14331e-11
8.99022e-10
1.33948e-09
9.06235e-10
1.1498e-09
1.12758e-10
6.425e-10
5.63264e-10
5.55821e-10
4.0338e-10
2.1812e-09
6.08059e-10
8.92646e-10
6.48525e-10
1.15932e-09
1.19397e-09
1.52637e-09
2.12615e-09
1.05964e-09
2.99551e-09
1.37249e-09
1.02898e-09
1.54289e-09
1.55208e-09
1.98428e-09
1.70115e-09
1.31622e-09
1.39827e-09
1.76969e-09
1.39739e-09
1.69093e-09
2.09276e-09
1.69032e-09
1.8795e-09
1.58385e-09
2.96764e-10
1.44248e-10
8.91297e-11
1.09867e-10
4.24663e-10
5.50546e-09
1.96163e-09
1.22535e-09
1.77575e-09
1.08899e-10
1.49652e-09
1.15119e-09
1.53644e-10
1.19124e-09
1.24208e-10
0
2.87844e-10
3.75509e-10
4.88503e-09
1.16612e-09
9.02888e-11
8.7279e-11
5.76952e-09
2.42122e-09
1.59355e-09
1.28369e-09
1.22976e-09
8.19242e-10
6.56606e-10
7.98167e-10
1.30823e-10
4.50815e-10
1.33755e-08
2.42518e-11
8.61897e-10
3.67332e-09
2.4531e-09
9.68389e-09
7.91207e-11
7.56488e-11
2.14079e-09
2.3297e-09
6.509e-11
6.42933e-10
2.26563e-10
2.19165e-10
7.43104e-10
6.43708e-10
3.22184e-09
8.9182e-10
1.29555e-09
1.57306e-09
8.93593e-11
2.57629e-09
7.0329e-10
2.14772e-10
1.25378e-09
1.074e-09
1.05109e-09
2.41568e-09
7.35652e-10
7.16547e-11
2.98624e-09
5.86101e-10
3.80665e-09
8.92012e-11
0
3.10145e-09
1.55861e-09
1.06688e-09
1.60195e-09
1.23039e-09
1.87191e-09
3.82103e-11
4.60468e-09
1.79258e-09
1.83609e-10
1.98595e-09
2.00629e-09
2.08438e-09
2.48969e-10
2.16299e-09
5.46905e-10
3.98187e-10
2.66057e-09
2.97573e-09
6.28806e-10
2.74255e-10
1.17271e-08
7.37249e-11
8.02224e-10
3.48619e-09
1.2417e-09
4.40497e-10
2.17473e-10
4.69816e-10
5.08953e-10
5.13914e-11
6.14096e-10
5.44507e-10
5.72546e-10
5.21749e-10
7.10739e-10
1.86618e-09
4.33829e-09
4.57613e-10
2.72175e-10
1.0809e-09
2.63594e-09
1.06587e-09
8.00621e-11
7.78566e-10
1.35788e-09
1.2813e-10
2.27274e-09
8.3506e-10
4.62763e-10
1.08227e-09
1.46043e-09
6.1788e-10
5.96559e-10
1.39711e-09
1.07323e-10
5.4811e-09
3.50815e-09
1.31046e-10
9.07851e-10
8.76952e-10
0
4.08651e-09
1.97745e-10
5.60227e-10
5.11241e-10
3.18634e-09
2.05502e-10
2.57326e-10
3.98933e-09
8.46356e-11
5.58451e-10
5.87165e-10
8.94315e-10
2.08032e-09
2.26292e-09
1.34192e-10
7.2023e-09
1.71762e-09
1.25133e-09
1.44938e-09
1.93097e-09
1.61016e-09
1.50919e-09
9.08674e-11
3.55614e-09
1.90972e-09
2.69298e-10
1.04293e-10
5.94822e-10
5.10043e-10
2.8514e-09
2.56085e-09
6.57605e-10
4.10862e-09
1.34697e-09
8.03291e-10
1.62037e-10
1.57018e-10
8.62936e-10
9.1291e-10
9.85226e-10
2.0596e-09
4.02902e-09
9.10151e-10
1.34077e-09
1.86599e-09
1.31775e-09
1.43421e-09
9.9755e-11
3.90004e-09
5.30208e-11
2.73615e-10
2.93598e-10
2.98567e-09
1.69873e-10
1.09732e-10
6.78597e-10
3.17184e-10
1.37571e-10
2.21511e-10
4.24604e-10
9.15984e-10
0
0
3.21776e-09
1.1962e-10
1.20575e-08
6.48784e-10
1.6312e-09
1.24128e-10
3.55918e-09
2.0157e-09
2.4709e-09
6.94742e-10
8.8496e-10
1.55571e-09
1.17295e-09
1.05841e-10
6.8262e-10
2.15049e-10
3.71282e-09
1.33635e-10
1.74943e-09
1.84554e-09
8.90428e-10
3.63923e-11
4.73194e-10
3.56607e-11
2.33979e-10
3.10438e-09
2.1134e-09
3.96876e-09
6.71539e-11
5.29534e-10
1.4475e-09
2.86723e-09
1.05716e-10
1.78116e-10
1.13248e-09
9.69786e-11
1.54549e-10
1.17646e-10
1.11629e-10
4.042e-09
3.38899e-09
3.95095e-09
1.47506e-10
1.27742e-09
4.27122e-09
8.12634e-11
7.91833e-09
4.95051e-11
3.18213e-09
3.07314e-09
2.52791e-09
8.64708e-11
6.31385e-10
1.06035e-08
1.0348e-09
1.27919e-10
2.84586e-10
8.98071e-10
8.76355e-10
8.94717e-10
9.55576e-10
4.279e-09
1.94227e-09
1.52942e-09
2.15359e-10
1.45976e-10
5.78857e-09
1.49263e-10
9.71251e-11
9.11689e-09
1.26055e-10
1.63075e-10
3.03717e-09
4.90809e-10
4.67246e-09
1.39333e-10
1.0183e-10
6.06336e-09
5.6326e-10
3.15533e-10
1.67245e-10
1.00407e-10
5.50727e-10
4.20152e-09
1.38661e-10
7.08564e-11
2.89287e-10
5.3475e-10
8.91158e-11
5.74788e-09
1.08792e-10
1.53423e-09
8.9166e-10
5.99009e-10
7.15206e-10
5.42447e-09
1.81515e-10
2.64011e-10
1.40051e-10
3.74068e-09
3.29824e-09
2.10561e-09
6.76815e-11
7.80651e-11
9.08289e-09
1.59651e-09
1.26941e-09
1.62762e-09
1.4602e-09
1.95559e-09
1.17246e-09
1.38907e-09
1.88904e-09
3.77668e-10
1.72119e-09
3.55139e-09
1.60361e-10
1.65572e-10
1.26504e-10
9.03373e-10
5.14357e-10
6.8781e-10
1.47215e-09
1.25003e-10
2.7168e-09
4.37837e-11
8.71741e-10
4.58279e-09
8.54676e-11
1.92618e-09
2.41498e-09
1.43536e-08
1.24973e-09
1.48992e-09
1.25783e-09
2.50474e-10
1.04027e-09
3.47499e-09
1.33081e-10
1.80689e-09
2.487e-09
7.98653e-10
6.97547e-11
9.1791e-10
7.84711e-10
5.23465e-10
0
2.80807e-10
7.19382e-10
4.84117e-09
1.51525e-09
3.77106e-11
9.45208e-10
2.96596e-10
2.29877e-09
1.97422e-09
1.60829e-09
6.04978e-09
1.46801e-10
1.46001e-09
5.79095e-09
2.58342e-09
9.64681e-11
1.09563e-08
1.93871e-10
1.42226e-10
5.06267e-09
1.99135e-09
2.40243e-10
5.77863e-09
5.22518e-09
2.74321e-09
6.73854e-09
1.2972e-10
2.8695e-09
1.69173e-09
5.52016e-09
8.294e-11
1.25975e-10
4.48556e-09
5.17343e-09
2.01068e-09
1.18327e-10
1.84844e-10
1.03557e-10
1.75104e-10
1.22191e-09
7.14906e-10
3.82865e-09
8.4012e-11
8.40684e-10
2.28882e-09
1.75329e-09
1.38972e-10
2.7286e-09
3.57732e-09
6.77858e-11
3.77475e-09
2.52631e-10
2.86879e-09
2.85132e-09
2.88748e-10
1.20739e-10
1.61829e-10
7.46868e-11
2.60566e-09
4.08596e-09
2.37784e-10
1.16267e-08
2.7781e-11
1.11738e-10
3.25757e-09
1.27981e-10
1.93559e-10
8.80764e-10
8.13962e-11
1.39079e-10
5.68281e-10
1.38965e-10
8.92733e-11
7.37619e-09
1.12177e-09
8.08485e-10
1.20861e-10
2.37677e-10
4.278e-10
1.48546e-09
1.14138e-09
1.95084e-09
1.17984e-09
1.13366e-09
1.12826e-09
1.20966e-10
3.53957e-09
1.45104e-10
1.59432e-09
2.63601e-10
4.56372e-09
4.98759e-09
1.45207e-10
4.09348e-09
8.36488e-11
7.5226e-11
3.46962e-09
5.38453e-09
2.5213e-09
1.11456e-08
7.99474e-11
1.96135e-10
2.30796e-09
8.44073e-10
1.85315e-09
6.32167e-09
1.59367e-10
4.01287e-10
4.31704e-09
1.45535e-10
8.9504e-11
1.29313e-09
1.34871e-09
1.96305e-09
1.70325e-09
1.09371e-10
3.48853e-09
1.44709e-09
7.3383e-09
1.2722e-10
4.2096e-09
3.28725e-09
3.07401e-09
1.00695e-10
9.06026e-10
8.04853e-11
4.52638e-09
3.35218e-09
7.96565e-09
1.06301e-10
3.16143e-09
4.38416e-11
6.4929e-10
5.52126e-10
6.41518e-10
3.54657e-09
9.40393e-09
1.02331e-10
6.09173e-10
5.80692e-10
2.48414e-09
2.85326e-09
0
1.78256e-10
3.07612e-09
1.33683e-09
1.23071e-09
1.02828e-09
4.70424e-10
1.69302e-09
2.3139e-09
1.7747e-09
1.13374e-09
1.04833e-09
2.51491e-09
1.46862e-09
1.65592e-09
1.7426e-09
2.5572e-10
2.50191e-10
4.29723e-10
8.94125e-11
6.79152e-10
8.74384e-10
1.08383e-10
4.39628e-09
2.16713e-11
0
3.73127e-10
7.25352e-10
4.63007e-09
2.41884e-09
1.79505e-10
1.36423e-10
3.14313e-10
5.16061e-09
1.46987e-09
8.54411e-11
4.68434e-09
1.51776e-09
2.38261e-09
8.1227e-11
4.30236e-09
5.98402e-09
4.07882e-10
3.47896e-09
1.66371e-09
1.40583e-09
3.47436e-10
2.35124e-09
4.65618e-09
5.62038e-09
9.84032e-10
2.05856e-09
1.39226e-10
2.65754e-09
6.81886e-10
6.5816e-10
5.8282e-10
5.91187e-09
1.25745e-09
2.2625e-10
1.16519e-10
2.24431e-10
2.16094e-10
2.29969e-09
1.15973e-10
2.71041e-09
2.0361e-10
6.51022e-11
8.85238e-09
4.18483e-11
8.14038e-10
7.81738e-10
1.74318e-10
7.92396e-09
1.23204e-09
9.0273e-10
1.38401e-09
1.49494e-10
6.63342e-10
3.18555e-10
2.327e-10
6.65184e-10
4.51852e-10
3.99069e-09
2.30251e-09
1.8328e-10
2.53728e-09
1.05415e-09
1.26081e-10
1.08391e-08
1.52801e-10
4.96529e-09
3.12438e-09
5.9907e-09
1.22659e-10
5.079e-09
3.17247e-10
7.42266e-11
9.09302e-10
5.43946e-10
9.25123e-09
8.21247e-11
5.27508e-11
2.41374e-09
2.6515e-09
4.83042e-10
6.24938e-10
3.09659e-10
1.71203e-09
1.58986e-09
3.02688e-09
1.78221e-10
3.47843e-09
1.1531e-10
3.39927e-09
1.86125e-10
2.31909e-09
1.94664e-09
1.55233e-10
8.98633e-10
4.17e-09
1.85775e-09
4.39186e-10
9.47775e-10
8.99463e-11
1.03631e-08
6.75865e-10
7.08952e-10
4.34444e-11
2.62045e-10
4.77034e-09
3.62628e-09
2.55419e-09
1.35628e-10
6.14791e-09
1.21809e-10
1.29744e-08
1.76041e-10
2.58217e-09
8.66465e-11
5.22562e-09
3.29637e-09
2.2981e-09
4.7086e-10
6.84979e-10
1.19042e-09
1.27263e-09
1.22758e-09
8.97886e-10
1.10039e-10
4.14224e-09
1.18262e-09
1.88377e-10
3.20239e-09
1.53533e-10
1.23734e-10
2.20222e-09
9.08186e-11
1.61609e-09
5.04518e-09
2.15131e-09
2.50961e-09
1.40902e-09
1.44424e-09
1.26248e-09
1.58464e-09
1.36856e-09
1.43694e-09
1.57263e-09
1.70326e-09
6.98744e-11
5.03585e-09
2.06274e-09
3.29292e-09
1.43279e-10
9.88797e-10
2.33661e-10
9.78736e-10
1.06151e-09
6.0106e-09
1.13688e-10
1.0437e-10
5.31544e-09
1.41214e-09
1.27882e-09
9.46737e-11
6.9028e-10
5.82458e-10
1.14565e-10
3.76757e-09
2.9145e-09
4.08296e-09
4.25486e-10
1.29602e-09
3.09456e-10
2.48044e-10
1.22643e-10
4.27358e-09
1.34985e-10
2.05535e-10
3.12256e-09
8.96302e-10
1.3745e-10
1.65362e-10
3.01462e-09
1.05835e-09
2.49033e-10
8.97185e-10
1.32416e-10
2.62761e-09
1.23719e-10
1.24682e-09
2.62314e-09
1.91069e-09
4.08955e-10
1.53436e-10
1.0459e-09
2.92542e-10
6.53999e-10
3.19533e-09
2.78795e-10
2.15599e-09
3.51814e-09
2.93419e-09
7.3442e-09
2.29964e-10
3.07426e-10
2.97408e-09
2.55501e-09
9.80535e-10
7.81005e-10
4.22405e-09
4.62745e-10
1.17767e-10
3.46138e-10
2.68068e-10
1.03662e-10
2.08976e-10
5.49572e-11
7.16786e-10
5.19174e-09
1.46159e-09
1.01874e-09
1.37756e-09
8.33579e-11
3.778e-09
1.75361e-10
3.15392e-09
1.57802e-10
8.4354e-10
6.62257e-10
9.97783e-10
1.27952e-09
1.15021e-09
7.83565e-11
7.19301e-10
1.47947e-10
1.47912e-09
1.30727e-09
5.10457e-11
3.92068e-09
1.02446e-10
2.9695e-09
5.68498e-11
8.18613e-09
1.34376e-09
2.67893e-10
4.58962e-09
2.41301e-09
1.73294e-09
2.86504e-10
1.06052e-10
3.67834e-09
1.02109e-08
1.26628e-10
2.35027e-09
1.13609e-10
1.46278e-10
7.64122e-11
9.8869e-11
1.36573e-09
3.05057e-09
1.63539e-10
1.08562e-08
1.62205e-10
1.40017e-10
1.01192e-10
1.37884e-10
3.20138e-09
1.886e-10
3.40314e-10
1.43359e-09
8.84472e-10
5.48525e-10
8.41761e-10
1.55006e-10
4.02049e-09
7.44183e-10
5.35782e-09
1.43142e-10
7.72013e-10
9.62704e-11
1.31691e-09
1.89803e-09
2.71059e-09
6.53654e-11
4.10214e-09
9.18546e-11
6.10097e-09
8.46427e-11
4.71552e-09
2.18537e-10
6.41357e-10
9.13921e-11
3.16829e-09
7.20451e-11
1.3616e-10
2.45926e-09
1.11898e-09
1.51767e-08
1.04045e-10
1.33326e-09
4.14497e-09
4.07753e-09
1.7519e-10
6.33712e-10
8.68137e-11
3.48508e-09
3.08241e-09
1.62916e-09
1.01013e-09
1.43804e-10
4.82214e-09
1.66806e-09
7.52503e-10
5.63037e-09
2.32936e-10
1.233e-10
9.01805e-11
6.26466e-11
4.25138e-10
5.78764e-10
0
0
3.09848e-09
4.22968e-09
1.01088e-09
6.87374e-11
5.74916e-10
9.86862e-10
6.03084e-09
3.4269e-09
3.58164e-09
6.14305e-10
9.39164e-10
9.37764e-10
8.55872e-10
1.40525e-10
1.23231e-09
1.52949e-09
2.51304e-10
9.86609e-10
1.56858e-10
6.8405e-10
1.56862e-09
2.52325e-09
9.86504e-10
7.08153e-10
4.05762e-10
3.34585e-09
8.07788e-10
7.9731e-11
5.75457e-09
1.09266e-10
3.36341e-09
2.0027e-09
1.1704e-08
2.77751e-09
1.04514e-09
1.56067e-09
1.7107e-09
1.47229e-10
4.73522e-09
2.52711e-09
1.21869e-09
1.48535e-10
2.49952e-09
2.25406e-09
3.84018e-09
1.61508e-10
2.87471e-09
7.36351e-10
2.04504e-09
7.16116e-09
1.1236e-09
1.38207e-10
2.22057e-10
4.71921e-10
1.86634e-09
7.47193e-11
7.79997e-09
6.98092e-11
1.35988e-10
2.52448e-09
9.1789e-09
1.25692e-10
9.52086e-10
8.3791e-09
1.17999e-10
2.91898e-10
9.99966e-10
8.23055e-11
3.43326e-09
5.82664e-09
2.70841e-09
1.69837e-09
1.61066e-10
6.3382e-10
4.77732e-10
1.06908e-09
2.39993e-10
1.8766e-10
9.42241e-10
5.25479e-11
9.01215e-09
1.58842e-10
2.60066e-10
1.67152e-10
4.05296e-09
1.25044e-10
1.16557e-10
2.9072e-10
2.87493e-09
8.45427e-09
7.14214e-11
5.8206e-10
4.77812e-09
9.2753e-11
3.95355e-09
1.50264e-10
1.31534e-09
1.43337e-09
1.24648e-10
2.2999e-09
3.4667e-09
2.22312e-10
1.65068e-10
7.58241e-09
1.11049e-10
1.11973e-10
5.58518e-09
1.2237e-09
6.65867e-11
2.83923e-09
1.80627e-09
1.29701e-08
1.65318e-09
5.44892e-10
7.4207e-11
1.25946e-10
2.25779e-09
5.0653e-10
3.08855e-09
2.44534e-09
1.0119e-10
2.17489e-10
1.55276e-09
1.04208e-09
3.28255e-09
1.33601e-10
3.35503e-09
2.97651e-09
7.53753e-11
7.12273e-10
8.80748e-10
3.14651e-09
5.6207e-09
9.69202e-11
4.26663e-09
4.74637e-09
1.03998e-08
1.15759e-09
4.44455e-11
0
8.05479e-10
6.66315e-10
4.9766e-09
8.74012e-09
9.89835e-11
7.45833e-11
8.27828e-10
2.81083e-09
1.097e-09
6.96393e-11
1.61692e-09
4.31748e-10
4.74818e-09
2.83052e-10
2.56669e-10
1.86042e-09
1.66499e-09
1.56563e-09
1.61765e-09
8.14785e-11
1.97321e-09
4.71798e-09
5.89559e-09
6.13646e-10
1.21161e-10
3.49062e-10
6.55307e-10
6.68559e-10
7.0559e-10
4.87115e-09
1.72437e-09
1.25838e-09
1.17688e-09
2.23908e-09
1.64218e-09
1.51237e-09
1.28626e-09
1.05707e-09
1.09198e-10
6.35388e-10
7.18152e-10
5.98805e-10
2.36042e-10
6.48385e-10
1.38241e-08
2.38764e-10
2.87914e-09
8.22061e-09
8.09864e-11
7.46701e-11
0
4.43519e-10
1.4452e-10
1.20059e-10
1.32017e-10
1.13448e-10
5.702e-10
6.70904e-10
4.94752e-09
2.47032e-09
1.13947e-10
1.75725e-10
1.85009e-09
1.32895e-10
2.90255e-09
1.00328e-09
1.40454e-09
1.47912e-10
5.54609e-09
4.40195e-10
1.41551e-10
1.37124e-09
1.23261e-10
2.75946e-09
1.33351e-09
6.07136e-09
1.84755e-09
1.51399e-09
1.2286e-09
1.60766e-09
1.12673e-10
6.61213e-09
1.0933e-10
3.79714e-09
2.30992e-09
5.30952e-10
5.04005e-10
5.22073e-10
4.53164e-10
8.95313e-10
1.88567e-09
2.48691e-09
1.02906e-09
6.44988e-10
9.9077e-11
1.45445e-09
1.31711e-09
1.8823e-09
1.03491e-09
7.62027e-10
3.62282e-10
1.05344e-10
2.56403e-09
8.7468e-09
1.61141e-09
1.31459e-09
1.38719e-09
1.63319e-09
1.97177e-09
2.80206e-09
1.25374e-09
2.04869e-10
8.36602e-10
3.27647e-10
1.59255e-10
1.1691e-10
5.21097e-10
5.90248e-10
1.24542e-09
7.90217e-11
4.12358e-09
2.26755e-09
7.09723e-10
1.17959e-09
1.4088e-10
5.51913e-11
3.59587e-09
2.01589e-10
9.16887e-11
7.85168e-09
1.34597e-09
1.64001e-09
1.37748e-10
6.41809e-09
9.31739e-10
1.37982e-10
8.01081e-10
7.08229e-10
4.65039e-09
8.3068e-11
1.2473e-10
2.87739e-09
1.79849e-09
6.55043e-10
1.12903e-10
9.0131e-10
6.75172e-11
1.32813e-08
9.21901e-11
3.24841e-09
6.02461e-09
9.73106e-10
1.35155e-10
2.10594e-09
1.58666e-09
8.91691e-10
1.68943e-09
9.00177e-10
2.17448e-09
6.36702e-11
4.88742e-10
9.10343e-10
6.04396e-10
5.3963e-09
4.33654e-09
8.61823e-11
5.37504e-11
3.14307e-09
3.13505e-09
2.40655e-10
1.87993e-09
8.16617e-11
2.56741e-09
2.12664e-10
1.03572e-09
1.70248e-09
1.36352e-09
1.50307e-09
1.06829e-09
2.95297e-09
1.06413e-10
4.52382e-09
3.32773e-09
6.56078e-09
3.70546e-10
1.61303e-10
1.48219e-10
3.00534e-09
3.19187e-09
1.56866e-09
8.05035e-09
1.50618e-10
2.57305e-10
3.3481e-10
5.89756e-10
7.15061e-10
2.572e-10
2.85213e-09
1.17455e-10
3.29447e-09
1.19251e-09
1.25683e-08
1.33901e-09
1.23368e-10
2.73729e-09
3.28174e-09
1.19133e-09
4.96795e-10
2.70049e-09
2.20813e-09
1.70336e-09
Time(Iterative Averaging Kernel) = 66729.9 ms
